456951985922421617,
456744015017515333,
456679251201186223,
456699884227293163,
456722681915896419,
456798646998707655,
456812884813272092,
456658961775607291,
456678774462960416,
455628337133572191,
456106478659639169,
455977028342481980,
455610160825552536,
456667302601077266,
456223164330300599,
456662968980108162,
456356097865895758,
456226123566973580,
456209948713782782,
455932171704850625,
456295719211148798,
456249234784021493,
456658961775607291,
456058795932562318,
455943055156231386,
456699884227293163,
456252365814157134,
456304485244679559,
456384650808656091,
456352468613265249,
456595194399053095,
456677786617333137,
456679251201186223,
456678774462960416,
456312147461124106,
456344179329476167,
456309819588840237,
456342869367588624,
455584519875853818,
455628337133572191,
456106478659639169,
455977028342481980,
455610160825552536,
456356097865895758,
456667302601077266,
456181705010842254,
456223164330300599,
456226123566973580,
456209948713782782,
455932171704850625,
456662968980108162,
456295719211148798,
456249234784021493,
456658961775607291,
455943055156231386,
456058795932562318,
456252365814157134,
456595194399053095,
456621823193240903,
456564094537637412,
456405919486859611,
456384650808656091,
456400078326043930,
456408805699664184,
456337105520390606,
456328300835290026,
456352468613265249,
456356097865895758,
456342869367588624,
456344179329476167,
456304485244679559,
456313577691531067,
456309819588840237,
456312147461124106,
450684902790122172,
456298347734290029,
456263163365175273,
456295719211148798,
456267333773206758,
456249234784021493,
456252365814157134,
456251493933691736,
456223164330300599,
456209948713782782,
456238059275893967,
456239377831908802,
456240275477980734,
456247366471135025,
456236629050729999,
456226123566973580,
456106478659639169,
456181705010842254,
456194310737797851,
456098859386598658,
456058795932562318,
452178932930677638,
455988478730619273,
452153609803309684,
456001724408806085,
456024431903156431,
452266301157324979,
455928314828392616,
455854707679552789,
456008974313659002,
456000564763432841,
456001333563633367,
455999611280685627,
456001084456576908,
455980704837657656,
455978123559148976,
455961381776534213,
455932171704850625,
455963061115047301,
455965324562824567,
455943055156231386,
455911074826455314,
455939941300731321,
455945438862044147,
455935272674400115,
455840508517628674,
455861742830765244,
455864762195933935,
455857465048566262,
455600651775220196,
455641926408097642,
455656447693670983,
452667494050678706,
455642209872795518,
455595295945720052,
455635995058221384,
455632889797892016,
455630549035455390,
455545740613878331,
455626077975514688,
455618785119947993,
455605530856013675,
455578932120232608,
455600647473961408,
455594295218333152,
455587642319188932,
455586113304533231,
455593792709253254,
455584519875853818,
455557547476928407,
455562370729416090,
455569431654631547,
455559583294580954,
455235575254596032,
451956414973211333,
455528689592594245,
455484941060767507,
455480023319005527,
455444508235404208,
455294472145666535,
455098170660163052,
455273121861017513,
455285246555861867,
455176278934750180,
455191401514669595,
455221101219967932,
455204818992570403,
455197169656823171,
455213099693755722,
455222290924866649,
455236477201928224,
455237825818522033,
455244427187491979,
455212300830883048,
455222771955963688,
455209208450218970,
455236477201928224,
455235794296880754,
455112631820350945,
455134020752338909,
455112777842948151,
455113868767791890,
455144968628229720,
455100945209046938,
455136593443005360,
455144968628229720,
455107426313674947,
455072607017877234,
454864073468802234,
454928772855531112,
443263448405171871,
454795856502908497,
454838724574835051,
454900073884911003,
454835503348298970,
454873372074103571,
454875412181486035,
454915763400542143,
454858249494162926,
454871847362799645,
454869588207891594,
454737483601012669,
454829760979094117,
454829760974899814,
454831152547455487,
454829760974899814,
454817249735110179,
454782726792011369,
454785698907299713,
454776954354881819,
454781446888603908,
454772839774089415,
454761544014223982,
454763416614733858,
454763420912846898,
454407853452759973,
454750347028125711,
454734803543504107,
454727042535461886,
454725096919461308,
454718517025347439,
454545412669278870,
454549140696723711,
454543557238151113,
454447895433042118,
454464405287402273,
454375417858518780,
454486661812262801,
454489423475205790,
454424530812944688,
454491489353441227,
454565418620795898,
454501470856457589,
454455987153560299,
454502587544817510,
454389664266145604,
454525475428853387,
454549613142081202,
454458327909698691,
454368344050504962,
454427786393973292,
454374064942767471,
454471148383993629,
454535791937223855,
454478058986416188,
454204310660155846,
454171149218351499,
454393800317575124,
454391261997133279,
451057001573680847,
454377071421982648,
454508656336799475,
454138305598907272,
454481563681852331,
454471328772621320,
454513917673873360,
454518801052772057,
454500964047167293,
454495333350245028,
454524174053753680,
454494229541545267,
454115391952358645,
454115495027380547,
454115391952358645,
454357207197124025,
454158479060503184,
454157796162793138,
454191954037005321,
454110714733978650,
454157796162793138,
454160536348811530,
454152702330474106,
454150778186150692,
454137846038451430,
454151478267925982,
454148317170904830,
454135458039762429,
454115495029477681,
454123243151611531,
454113789929540873,
454109877210107655,
454112767724169181,
454118677604471233,
454119605311124858,
454128633335622346,
454145332170703584,
454172721175347361,
454178034049941931,
454186748534480506,
454202592675313788,
454187753559983740,
454179176508107907,
454150189772477765,
454158637973246322,
454147660038803831,
421392865050407771,
454095785425480083,
389505262611877086,
394713679261982530,
434119557526339052,
430408628468307655,
430709778694367483,
434469438446285993,
434768209252916628,
435116372192154535,
437469301305644942,
438915098960078000,
440848207910631862,
441058678486841734,
444050187635351462,
454023398048415539,
323526602077344223,
339513273516410744,
355653086303946846,
408221042163757532,
410793276608328820,
417309845800912686,
453698440817404353,
454067223894928492,
454104414011672724,
388144024266874201,
391400717578656601,
392158916745590040,
394628132097779796,
394743537868477056,
395110160577862256,
438564084172996926,
440443231144870071,
442516733985854771,
374682166539171919,
374718102528641730,
375737551671953074,
383122597611653083,
388322282594054358,
392140809167549696,
393263603808385901,
402003595967748742,
404022204830932773,
437764842297939940,
438117051090276262,
440989649771953775,
445621746233402488,
445978958662739403,
447053340435286861,
448856857331877131,
451277019861288293,
310051610335298992,
320244096012584508,
331713492644612525,
332844791322210607,
390644584292785585,
427028656710083959,
454007257562308219,
453994467143371090,
454059948217156174,
454062125768729155,
454084652868097969,
454002949703806011,
454065329810149454,
454022723736448828,
454058419210890351,
454089596379674336,
442685955696021717,
447354872909227309,
454017410858737163,
453996653281731567,
453831438776545677,
454029608568013732,
453776579158860757,
454012033560713742,
454069590420869378,
454023243429592082,
454082982127908072,
454072244708571534,
453786947209972497,
453984086207387497,
451840631241711642,
453971506248147782,
453695515949905141,
453844323677463127,
451552267134348308,
453619701185715406,
453777562711619363,
453761662742609110,
453718902041690067,
450721388533233187,
453825400055625735,
453930858677599899,
453802520766727270,
453799454153759395,
453775333618338318,
453780204115472602,
453758557475995276,
453761641264626771,
453762272625871247,
453780204115472602,
453786947209972497,
453776626402452683,
453775333617289760,
453762272625871247,
453748661876535192,
453776626402452683,
453682562325325833,
453737417648942521,
453740522911363886,
453756594676979713,
453763230405680458,
453730644486527688,
453744860828359153,
453745694053067940,
453751122892809755,
453758291192215930,
453407272099588742,
453777987907092495,
442651226587129640,
451561690298984658,
453419710325985467,
453722239231294022,
453723592151241929,
453712335039812529,
453715504727787560,
453621998990078609,
453638083642642601,
453688888810092125,
453701348512373723,
453452115855465958,
453685482906250809,
453682562325325830,
453680595232387991,
453680045475521878,
453674242976758635,
453671249385576638,
452964993547579876,
441501004279908263,
444061904299892504,
444466464454953216,
445487786197647194,
445582623376126888,
445616179951568494,
445882231704813982,
446731883606929366,
447064241059198890,
447694583349542287,
448809105882165256,
449335814901556205,
449715623157157614,
450447674566964810,
450673353617784162,
450817947989442718,
451163963438663207,
451200934515248129,
452953766508268107,
450669745851537318,
451919899157699914,
453611888637042158,
453654881264014812,
453652927053875640,
453651655742500241,
452136279612280377,
453652403068910975,
453652136779888681,
453652540505768092,
453651728755896070,
453613477777042236,
453643430877994662,
453640677807091225,
453634145162864502,
453636640539918740,
453631413560511432,
453376455712226684,
453372783517265514,
453631770042797852,
453395293437837052,
453625022653353722,
453608250803929301,
451889808619703176,
453407860512208308,
453389143042540138,
453264932588837613,
453353576419238246,
452295326547691477,
453390079351707004,
453456397935787576,
453332436594325247,
453377108545162010,
453390079351707004,
453414152638278432,
452894014919767997,
453251244534310923,
453358206395050151,
453076301920705359,
453282816833799594,
453065946759693523,
453412546320502225,
453589297109023074,
452670878485987121,
453331453047860132,
453389254715884696,
452653758742015752,
453277302098903817,
453280553387069404,
452937428447366631,
453378375563667006,
453362518547474589,
453404768137837065,
453372830759808918,
452987817005993080,
453349848390757529,
453380437144834669,
453422158458404392,
453335443072490685,
453346116066261098,
453366487097272252,
453313422769850790,
453278517574655651,
453269841739624844,
453078969094374995,
453244462779878453,
453247044055232166,
451156477312718601,
453248263825948353,
453242444144194085,
453266508847084015,
453018676350391606,
450363188261752215,
453104429665953245,
453076568211825896,
453065628933159819,
453044149796326640,
452990260840299702,
453056167120137289,
453049402544503742,
452968111694898708,
453014763633063153,
452996793486643483,
452901436622238798,
452978887768941971,
452993924448471501,
452993460594098022,
452955664879626459,
452917087482118624,
452264875230267692,
452970572712218710,
452952409295451562,
452945863769461490,
452140127898802661,
452592903354149912,
452659844713861923,
452908467486879935,
452901651370604580,
452885626848601785,
452912929957931581,
452913436766174119,
452898172450225620,
452661627125301849,
452203577450187638,
452672493395801555,
452735487680616534,
452757731317392541,
451845235444580556,
452686507867913771,
451446971717635727,
452588213246687768,
452576445036222146,
452647363543007547,
443370783933314836,
452619527858704668,
452519987695894195,
452612784755803757,
452610096107305038,
452574602495240604,
452610207778552700,
452599191183165748,
451915552652838778,
452591559028329253,
452580954758201249,
452566635331901055,
452542351588697674,
452550344520815627,
452536987175543833,
452507476453972609,
452527422281192536,
452525781603673265,
452565806402158219,
451513874423467247,
452564230153342904,
452551834877627139,
450796773802667173,
452548781152704497,
452267074249348178,
452539478252405346,
452539044464899006,
452524256894465920,
452529307776043733,
451899485179002361,
452531828919770858,
451926294363039311,
452258136420232189,
451916991463752079,
452510465753325745,
452265605368422754,
452274444412245045,
452292062371468595,
452313150657934365,
452500849319399782,
452499178579212237,
452116350964986834,
452160992851088768,
451834850215710155,
452262959668546139,
452451800794861206,
452321938162146159,
452329231014584442,
452329372748506722,
452324948931097281,
452333311238800181,
451046384414490497,
451405954784984056,
451517009752763548,
451515081313481566,
451519200184004556,
452260885199325188,
451782129489847574,
451901941899269777,
451629228657042914,
452291061638835626,
452286221214832569,
452276463051093804,
452285357926395606,
452259691202600702,
452261215916003921,
451941399762139708,
452278494569597755,
449544232485189126,
452270853822695321,
452144667685548184,
452208344867079207,
452207069260731251,
452178932930677638,
452153609803309684,
452189833559922311,
452266301157324979,
452207971208066364,
441462182075521644,
451983503329108933,
452180736819063446,
452243451927962937,
452234621475131826,
451413642775426030,
452243181350264055,
451864910692004853,
451889340465118393,
452136399867170932,
452177279372448553,
451863123987693619,
451854748801408204,
452209079306494433,
452103667927562061,
452200416359468127,
451958382063009586,
452119241479037630,
452124610181889894,
450992912073643603,
452179276532259450,
452192870098692539,
451717494532118899,
452194424874776969,
452163947787561505,
451915750219238703,
452179014539251411,
452162586288160884,
452156113772402082,
451919899160845612,
448936176788202403,
451964399311202120,
451957458645031923,
451917923471667653,
450371632164340038,
451938298795710641,
451919899160845650,
451928695249782467,
451836855966492779,
451897483721078605,
451904531768766306,
451913602734525917,
451927754651935256,
451923601422707591,
451921685868316804,
451927419646579833,
449338353228295731,
451928398900181909,
451847936980076702,
451912189690274233,
451912245523801138,
446222204137304062,
451904630549869501,
451910574781510094,
451772607549423216,
450771059833335964,
451901370667565618,
451901984851040236,
451800919974972696,
451796204100864133,
451796088136746689,
451887188686484637,
451888206594790376,
451890989736767610,
451888975392894269,
451889181551327300,
448534077655879362,
451829984017746744,
451872508490253178,
451864880629330719,
451847443057784603,
451827810767433485,
451832045602056123,
451827127867631119,
451827514409446219,
451765284632261886,
451773814433139328,
451777980555621982,
451781115877562916,
451784693588476531,
451789916267675385,
451806417529997160,
451788962787030124,
451793395189097972,
451777847410586883,
451747082557674852,
451747082558723424,
451623481991831624,
451535834591429439,
451489874145058671,
451579999743679416,
451548006527790511,
451546181171917881,
451508857906866580,
451542891224848437,
451560891432963021,
451573647481752123,
451547774603748340,
451524590370100651,
451554573533909464,
451420978574359267,
451485531938350807,
451461729224275852,
451471156683813230,
451516210884646126,
451507058315562565,
451425140400836735,
451519161527201435,
451502140574843815,
451425144697901226,
451525689877542697,
451409803069404843,
451406126579482278,
451406126579482278,
451507135622877036,
448456437527608914,
451478604153982576,
451457026241360775,
451452778515542680,
451512066244318213,
451508879376460278,
451470417945241711,
451059260724391722,
451529435093248554,
451534537512344059,
451525178782721884,
451519204477923314,
451480764522539345,
451549063090805032,
451542719426155417,
451508278084182188,
451516868020938853,
451546262772102801,
447064412857891886,
449669005582806343,
449662460055742132,
450722651255718857,
450074691012544456,
449813672965991207,
449932587727854557,
449721485789660816,
450404982588670541,
450679645745940168,
450443285107217045,
451214854507485655,
451381546479440413,
451194212893490011,
451077784919469352,
451115945706104529,
451137094125188991,
451037382166161809,
451405800160917921,
451409682812417226,
450684902790122172,
451098774423655935,
451107939882845719,
451397339076358888,
451100423692150559,
451100260484441408,
451100419398231831,
451100415100118794,
451106625622848885,
451110585585854060,
451150326916366462,
451154544576374852,
451227297026800616,
450663977704152253,
451054038044135809,
451060613644338865,
451161833133823244,
450662465881951610,
450773069872797075,
451173889110233245,
451047617072204766,
450766146390729177,
451234997906363083,
451240104623558411,
449286362654045148,
449184915521748674,
448867298394259492,
445708057891292019,
451126687421470202,
451145812906758874,
451194723995649729,
445225638576292699,
449669005582806343,
449198882760715594,
441393896386943505,
433706300064093967,
446311217327541499,
445480763927136857,
448819976447567728,
441085461905190029,
449304315615371105,
449700895716277123,
450317159101151218,
450002539859611016,
450830966036427508,
450729604805697363,
443663258320139515,
451142020452709064,
451100324911048187,
451131665286495928,
448046689060240112,
446350769685790423,
441085663764460211,
443367592771546869,
441530914438644224,
451115258507140681,
451136381158516636,
451147728460088697,
451177230592708363,
451179661546307720,
451137961706490952,
451217341292518538,
451188105453107139,
451208386283548448,
451156292631220868,
450769818587782448,
451100501000513496,
451149240288585477,
451136256603415805,
451149137213564152,
451137175725373805,
451153290445916414,
451202227303557364,
447367324021573090,
447367324021573090,
447354872909227309,
447354872909227309,
448845767729425458,
450001775356475633,
451115692300936110,
448550450073371728,
449669005582806343,
449662460055742132,
450722651255718857,
449291409236457453,
449813672965991207,
449932587727854557,
450679645745940168,
450404982588670541,
451131343159752247,
451074559396921064,
451104052938478952,
451186855614471640,
451188290134604772,
451194212893490011,
451137094125188991,
450048487415871522,
451037382166161809,
451139967460425199,
451155841654409190,
451041157437181185,
451107939882845719,
451046770960499681,
451100423692150559,
451100260484441408,
451100419398231831,
451100324911048187,
451100415100118794,
451048549078013157,
451057139012634904,
451073713292554710,
451074739785548183,
451110585585854060,
451150326916366462,
451154544576374852,
450849606194592106,
450671738711125040,
451173889110233245,
451060613644338865,
451109632102062803,
450663977704152253,
450662465881951610,
451046908402599225,
450773069872797075,
451047617072204766,
451151641176366678,
450766146390729177,
450884532866701835,
451041316356214399,
451137961706490952,
451177230592708363,
451145812906758874,
449232722804037092,
450015669570538436,
440397592828263203,
447485233759236728,
442150003910041679,
451115258507140681,
450799702970377145,
441085461905190029,
449304315615371105,
449700895716277123,
450317159101151218,
450002539859611016,
450713868047573059,
450706944559222194,
450777351955214919,
450729604805697363,
450463905246369151,
450769818587782448,
451126653057537319,
451074559396921064,
451100501000513496,
451149240288585477,
451136256603415805,
451149137213564152,
451137175725373805,
451153290445916414,
451156026339052671,
451147728460088697,
447367324021573090,
447354872909227309,
448845767729425458,
449254403796949461,
450001775356475633,
451115692300936110,
448550450073371728,
449669005582806343,
449662460055742132,
450722651255718857,
449291409236457453,
449813672965991207,
449932587727854557,
450679645745940168,
450404982588670541,
451104052938478952,
451173300700759386,
451186855614471640,
451188290134604772,
451077784919469352,
451137094125188991,
451037382166161809,
450048487415871522,
451139967460425199,
451155841654409190,
451107939882845719,
450655873101894241,
450684902790122172,
451100423692150559,
451100260484441408,
451100419398231831,
451048549078013157,
451057139012634904,
451073713292554710,
451074559396921064,
451106625622848885,
451110585585854060,
451150326916366462,
451154544576374852,
450849606194592106,
450769535117842632,
451060613644338865,
451109632102062803,
450663977704152253,
450662465881951610,
451046908402599225,
450773069872797075,
451047617072204766,
451151641176366678,
450766146390729177,
450801700129130624,
449317647193950219,
451100415100118794,
451100324911048187,
451145812906758874,
451108597018087003,
449933326462233406,
449232722804037092,
450015669570538436,
447485233759236728,
442150003910041679,
451115258507140681,
441085461905190029,
449304315615371105,
449700895716277123,
450317159101151218,
450002539859611016,
450713868047573059,
450706944559222194,
450777351955214919,
450729604805697363,
450463905246369151,
450769818587782448,
451126653057537319,
451100501000513496,
451149240288585477,
451136256603415805,
451149137213564152,
451137175725373805,
451153290445916414,
451156026339052671,
451147728460088697,
447367324021573090,
447354872909227309,
448845767729425458,
449254403796949461,
450001775356475633,
451115692300936110,
448550450073371728,
449669005582806343,
449662460055742132,
450722651255718857,
449291409236457453,
448936692183231661,
449813672965991207,
449932587727854557,
450679645745940168,
450404982588670541,
451131343159752247,
451030596115721467,
451074559396921064,
451104052938478952,
451022547343845276,
450645513642852135,
450435695901009402,
451077784919469352,
451137094125188991,
451115945706104529,
451037382166161809,
451153767189386474,
451155841654409190,
450655873101894241,
450684902790122172,
451074739785548183,
451079575920837801,
451110585585854060,
451145812906758874,
451150326916366462,
451161833133823244,
451048549078013157,
450849606194592106,
451060613644338865,
451109632102062803,
450663977704152253,
451046908402599225,
450662465881951610,
451151641176366678,
450773069872797075,
450766146390729177,
446311217327541499,
446955595571200808,
447029726702883902,
451047617072204766,
450721388533233187,
451100415100118794,
451100260484441408,
451098774423655935,
451114146114801980,
451107939882845719,
451100419398231831,
451131343159752247,
441773004561892861,
440361317534113034,
449933326462233406,
449232722804037092,
447485233759236728,
442150003910041679,
451115258507140681,
441085461905190029,
449304315615371105,
449700895716277123,
450317159101151218,
450002539859611016,
450713868047573059,
450706944559222194,
450777351955214919,
450729604805697363,
450463905246369151,
450769818587782448,
451134190726231740,
451123483373752017,
451133593727871329,
451057001573680847,
451135135615896461,
451126653057537319,
451074559396921064,
451100501000513496,
451149240288585477,
451136256603415805,
451149137213564152,
447367324021573090,
447354872909227309,
448845767729425458,
449254403796949461,
450001775356475633,
451115692300936110,
448550450073371728,
449669005582806343,
449662460055742132,
451146659014273218,
451155841654409190,
450684902790122172,
451073713292554710,
451074739785548183,
451110585585854060,
451145812906758874,
451150326916366462,
451161833133823244,
451048549078013157,
451054038044135809,
450849606194592106,
451060613644338865,
450769535117842632,
450663977704152253,
451046908402599225,
450662465881951610,
451151641176366678,
450773069872797075,
450766146390729177,
446311217327541499,
446955595571200808,
447029726702883902,
451047617072204766,
450721388533233187,
451100415100118794,
451100260484441408,
451098774423655935,
451114146114801980,
451107939882845719,
451100419398231831,
451131343159752247,
441773004561892861,
440361317534113034,
449933326462233406,
449232722804037092,
447485233759236728,
442150003910041679,
451115258507140681,
441085461905190029,
449304315615371105,
449700895716277123,
450317159101151218,
450002539859611016,
450713868047573059,
450706944559222194,
450463905246369151,
450757466262835482,
451134190726231740,
451123483373752017,
451133593727871329,
451057001573680847,
451135135615896461,
451126653057537319,
451074559396921064,
451100501000513496,
451149240288585477,
451136256603415805,
447367324021573090,
447354872909227309,
448845767729425458,
449254403796949461,
450001775356475633,
451115692300936110,
448550450073371728,
449669005582806343,
449662460055742132,
451041316356214399,
450777351955214919,
450851457321313681,
450405549526453602,
450770398404175447,
450749344473362730,
446398559785060388,
450797611318147918,
450799402317422084,
450781273260376755,
450806793956174074,
450698569372965488,
450710517975169262,
450729604805697363,
450742880547559403,
450769818587782448,
450686796869657817,
450442524896952653,
449286362654045148,
450458240182376923,
450292390018344896,
450437894924276495,
450392033261169190,
450404913868144899,
450404961116979685,
450414697803695645,
450421522510958412,
450425911961264771,
450259546406509577,
450305755961845934,
450305639998777199,
450076116939596708,
450311189096554289,
450313362347929024,
450353515997463298,
450363188261752215,
450382648755493211,
449294377062025834,
450094907426864844,
450032656166307936,
446709283493070169,
450015669570538436,
449978200278722678,
449977465842455057,
449999048051174582,
449996660047243583,
449179752971028842,
449976220300881132,
449721485789660816,
449326997333629045,
449662460055742132,
449750176173508583,
449580383225091182,
449732476606862529,
449690368749261011,
449700895716277123,
449690463240639360,
449676569017126670,
449679287737743143,
449629431753925118,
449659354792268924,
449247622048799513,
449623315720471612,
449582573659473498,
449348828652558318,
449544232485189126,
449555700047912423,
449565509757457957,
449533237368874216,
446745447117923967,
449333568633643935,
449281195805208447,
449338963116801849,
449324351640044851,
449309748745893017,
449277373282193346,
449307541132687490,
449354231723553344,
449299771539940128,
449293260367375565,
449310470301452285,
431141160916552704,
431141160916552704,
449236231796526567,
448867238265765758,
448845767729425458,
444761034782690404,
445843791741977918,
448269481903129708,
448267789686003389,
448265852655738929,
448183561075409908,
448212032413777981,
447786164936442280,
448216056798166833,
448190647772538238,
448212032413777981,
448164912333603183,
448187933358432705,
446012506651442940,
447797224475164803,
448084712403718556,
447796215155749830,
448146963661008038,
447812325580229357,
447850443412024519,
448046689060240112,
446726132646733532,
448069585530948031,
447814365690750979,
447064412857891886,
447425413449247737,
447367324021573090,
447354872909227309,
447051966042598977,
442685955696021717,
445861340983682761,
445927212896464756,
445910754579616365,
442131823308140415,
445212375715128440,
443744888468898761,
414069241438992475,
411086399538325481,
411313495927385133,
411095530633600387,
411313745039683303,
409919130500387723,
406654319698986730,
